z0 = 15 * 1e-3;
v0 = 0;
