z0 = 0.01;
v0 = 0;
