z0 = 10 * 1e-3;
v0 = 0;
