% Parameters for the inductances of MagLev

% Static
L10 = 6.122809e-02; %[H]
L20 = 6.122809e-02; %[H]

% Dynamic due to presence of object in magnetic field
a1z = 1.837302e+02; %[1/m]
a2z = 1.837302e+02; %[1/m]
L1z = 3.438228e-02; %[H]
L2z = 3.438228e-02; %[H]

% Dynamic due to current flowing
a1I = 4.759750e+00; %[]
a2I = 4.759750e+00; %[]
b1I = 6.704755e-01; %[A]
b2I = 6.704755e-01; %[A]
L1I = 3.831209e-02; %[H]
L2I = 3.831209e-02; %[H]


