% Parameters for the inductors of MagLev

% Static
L10 = 1.017205e-02; %[H]
L20 = 1.012970e-02; %[H]

% Dynamic due to presence of object in magnetic field
a1 = 1.795948e+02; %[1/m]
a2 = 1.795948e+02; %[1/m]

L1z = 5.448902e-02; %[H]
L2z = 5.448902e-02; %[H]
