m = 0.06157; % [Kg]
g = 9.81; %[m/s^2]
R = 120;
L0 = 0.5*1e-3;
Ld = 0.017521; %[H]
a = 1 / 0.0058231; %[1/m]
d = 0.20;
r = 0.020;
R1 = 150;
R2 = 150;
v0 = 0;
z0 = 0.01;
Cd = 0;
A = 0;
rho = 0;
